{
     "uid_0": [-1.4793594617, -1.980765457654, -2.0981232324, -1.7854563099],
     "uid_1": [-1.8675490087, -1.767980654331, -1.9087689432, -3.0987496129],
     "uid_2": [-2.5071294321, -2.998751439833, -8.8740029556, -7.0018849776],
     "uid_3": [-1.6793706617, -1.985590037854, -2.1090880644, -4.5088731123],
     "uid_4": [-1.5473349651, -1.127349352865, -1.3354166352, -3.8568138820],
     "uid_5": [-2.2860197997, -2.984524744038, -8.4444359086, -7.6996035634],
     "uid_6": [-1.4214628943, -1.422407402271, -2.0694767250, -1.0427381001],
     "uid_7": [-1.5650670535, -3.860054971269, -1.0831221099, -3.1102030405],
     "uid_8": [-2.0509863596, -2.737683863918, -8.9271760252, -7.0683004496],
     "uid_9": [-1.8821091004, -1.296176061256, -2.3904971444, -1.0198716794],
     "uid_10": [-1.6914917675, -7.909113989348, -1.1053703773, -3.1439531135],
     "uid_11": [-2.6406800447, -2.217355268865, -8.3923905055, -7.6536066279],
     "uid_12": [-1.2600004988, -1.366565424239, -2.9652601549, -1.9819261859],
     "uid_13": [-5.6512351121, -2.663544028402, -1.6812741839, -3.4501531134],
     "uid_14": [-2.0423952399, -2.518504162401, -8.4281140389, -7.0733810787],
     "uid_15": [-1.8759034189, -4.488345151762, -2.5941544451, -1.8870871343],
     "uid_16": [-1.4387534423, -2.015813477748, -1.7622034753, -3.9344185537],
     "uid_17": [-2.4114479698, -2.977606212865, -8.7944888632, -6.2011978395],
     "uid_18": [-1.5447056478, -1.495933184901, -2.7650848487, -1.1172131471],
     "uid_19": [-1.8855682316, -6.625618930154, -1.9089721106, -3.0560876204],
     "uid_20": [-2.1582737404, -2.074521307353, -8.6213067697, -7.8739924083],
     "uid_21": [-1.4386130804, -1.501512408276, -2.5279786863, -1.0312640856],
     "uid_22": [-1.1274393671, -8.602767447918, -1.7690438969, -3.3782773382],
     "uid_23": [-2.9004428366, -2.740767670298, -9.6757366250, -5.7086144749],
     "uid_24": [-1.4269500876, -1.841688496659, -2.1299128303, -1.7919934358],
     "uid_25": [-3.5987992255, -1.605999193406, -1.6128682357, -3.7851289988],
     "uid_26": [-2.4899151685, -2.439840671977, -5.1272621049, -7.6630426473],
     "uid_27": [-1.7215687464, -1.560021898735, -2.2621953817, -1.8076125509],
     "uid_28": [-1.5512825641, -1.753964215942, -1.7401130809, -3.6898881156],
     "uid_29": [-2.4708230254, -2.231188114976, -8.9257188035, -7.9884716609],
     }            